Total rows: 115,486

Folder                                Items  Videos       GB  Depth
------------------------------------------------------------------------
00 Yanko                                347      97     67.9      4
00_Liza                                  93      25     19.6      4
01_NewDownloads                         196      37     25.1      4
02_                                      80      19     14.2      3
03_                                      72      17     28.0      4
06_                                      25       6      2.9      4
07_                                       9       2      0.6      4
08_                                       9       2      1.1      3
09_                                       9       3      2.1      3
10_                                      33       9      5.8      4
11_                                      92      22     17.5      4
12_                                      26      10      7.0      3
13_                                      73      18      9.4      4
14_                                      12       4      2.2      3
15_                                      22       5      3.9      3
16_                                      10       1      1.8      3
17_                                       6       1      1.5      3
99 Serials                               66      26      8.9      4
99 Гледани                               30      10      5.0      3
Books                                   356       0      0.0      4
DoNotDelete                           1,023     192    207.4      6
Games                                27,216      17      0.1     12
Install                               1,325       6      0.0      9
LizaWork                             83,312       0      0.0     18
Music                                   967       0      0.0      6
Sub                                      44       0      0.0      3
Temp                                      4       0      0.0      2
zzz                                      29       9      4.5      4

TOTAL videos: 538, ~436 GB

=== Video file extensions globally ===
  .mkv: 347
  .avi: 152
  .webm: 17
  .mp4: 14
  .wmv: 7
  .ts: 1
